,sigma_lcl,indebtness,OVX,lambda,V,sigma_total,DD,spread_bps,converged
0,0.01,0.75,15,2.64,158.3,0.0303,14.6647,-0.0,True
1,0.01,0.75,35,3.81,158.24,0.0364,12.1886,-0.0,True
2,0.01,0.75,55,5.47,158.16,0.0437,10.1492,-0.0,True
3,0.01,0.75,80,8.52,158.0,0.0545,8.1026,0.0,True
4,0.01,1.0,15,2.64,177.75,0.0303,12.1321,-0.0,True
5,0.01,1.0,35,3.81,177.68,0.0364,10.0807,-0.0,True
6,0.01,1.0,55,5.47,177.59,0.0437,8.3905,-0.0,True
7,0.01,1.0,80,8.52,177.42,0.0545,6.6933,0.0,True
8,0.01,2.0,15,2.64,255.56,0.0303,7.2659,0.0,True
9,0.01,2.0,35,3.81,255.46,0.0364,6.0304,0.0,True
10,0.01,2.0,55,5.47,255.33,0.0437,5.011,0.0,True
11,0.01,2.0,80,8.52,255.07,0.0545,3.9851,0.1,True
12,0.01,3.0,15,2.64,333.37,0.0303,5.2068,0.0,True
13,0.01,3.0,35,3.81,333.24,0.0364,4.3164,0.0,True
14,0.01,3.0,55,5.47,333.05,0.0437,3.5806,0.3,True
15,0.01,3.0,80,8.52,332.64,0.0545,2.8372,4.6,True
16,0.01,5.0,15,2.64,488.95,0.0303,3.3225,0.9,True
17,0.01,5.0,35,3.81,488.66,0.0364,2.7455,6.1,True
18,0.01,5.0,55,5.47,488.04,0.0437,2.2629,23.8,True
19,0.01,5.0,80,8.52,486.45,0.0545,1.7645,79.2,True
20,0.01,7.0,15,2.64,644.26,0.0303,2.4284,15.2,True
21,0.01,7.0,35,3.81,643.18,0.0364,1.9881,47.4,True
22,0.01,7.0,55,5.47,641.31,0.0437,1.6142,109.4,True
23,0.01,7.0,80,8.52,637.29,0.0545,1.2199,235.9,True
24,0.05,0.75,15,2.64,158.41,0.0318,13.9814,-0.0,True
25,0.05,0.75,35,3.81,158.38,0.0364,12.1998,-0.0,True
26,0.05,0.75,55,5.47,158.33,0.0437,10.1604,-0.0,True
27,0.05,0.75,80,8.52,158.22,0.0545,8.1138,0.0,True
28,0.05,1.0,15,2.64,177.87,0.0303,12.1421,-0.0,True
29,0.05,1.0,35,3.81,177.83,0.0364,10.0907,-0.0,True
30,0.05,1.0,55,5.47,177.76,0.0437,8.4004,-0.0,True
31,0.05,1.0,80,8.52,177.63,0.0545,6.7032,0.0,True
32,0.05,2.0,15,2.64,255.68,0.0303,7.2728,0.0,True
33,0.05,2.0,35,3.81,255.61,0.0364,6.0373,0.0,True
34,0.05,2.0,55,5.47,255.5,0.0437,5.0179,0.0,True
35,0.05,2.0,80,8.52,255.28,0.0545,3.9921,0.1,True
36,0.05,3.0,15,2.64,333.49,0.0303,5.2121,0.0,True
37,0.05,3.0,35,3.81,333.38,0.0364,4.3217,0.0,True
38,0.05,3.0,55,5.47,333.22,0.0437,3.586,0.3,True
39,0.05,3.0,80,8.52,332.87,0.0545,2.8428,4.5,True
40,0.05,5.0,15,2.64,489.08,0.0303,3.3263,0.9,True
41,0.05,5.0,35,3.81,488.83,0.0364,2.7496,6.0,True
42,0.05,5.0,55,5.47,488.27,0.0437,2.2676,23.5,True
43,0.05,5.0,80,8.52,486.8,0.0545,1.7704,78.2,True
44,0.05,7.0,15,2.64,644.42,0.0303,2.4321,15.1,True
45,0.05,7.0,35,3.81,643.45,0.0364,1.9932,46.8,True
46,0.05,7.0,55,5.47,641.71,0.0437,1.6206,108.0,True
47,0.05,7.0,80,8.52,637.88,0.0545,1.2276,232.6,True
48,0.1,0.75,15,2.64,158.41,0.0633,6.9823,0.0,True
49,0.1,0.75,35,3.81,158.41,0.0633,6.9756,0.0,True
50,0.1,0.75,55,5.47,158.41,0.0634,6.9661,0.0,True
51,0.1,0.75,80,8.52,158.41,0.0636,6.9488,0.0,True
52,0.1,1.0,15,2.64,177.88,0.0564,6.4898,0.0,True
53,0.1,1.0,35,3.81,177.88,0.0564,6.4819,0.0,True
54,0.1,1.0,55,5.47,177.88,0.0565,6.4708,0.0,True
55,0.1,1.0,80,8.52,177.88,0.0567,6.4507,0.0,True
56,0.1,2.0,15,2.64,255.76,0.0393,5.5971,0.0,True
57,0.1,2.0,35,3.81,255.76,0.0394,5.5833,0.0,True
58,0.1,2.0,55,5.47,255.71,0.0437,5.0266,0.0,True
59,0.1,2.0,80,8.52,255.55,0.0545,4.0007,0.1,True
60,0.1,3.0,15,2.64,333.64,0.0303,5.2187,0.0,True
61,0.1,3.0,35,3.81,333.57,0.0364,4.3284,0.0,True
62,0.1,3.0,55,5.47,333.44,0.0437,3.5927,0.3,True
63,0.1,3.0,80,8.52,333.15,0.0545,2.8498,4.4,True
64,0.1,5.0,15,2.64,489.24,0.0303,3.3311,0.9,True
65,0.1,5.0,35,3.81,489.03,0.0364,2.7547,5.9,True
66,0.1,5.0,55,5.47,488.56,0.0437,2.2736,23.1,True
67,0.1,5.0,80,8.52,487.24,0.0545,1.7778,76.9,True
68,0.1,7.0,15,2.64,644.62,0.0303,2.4367,14.9,True
69,0.1,7.0,35,3.81,643.78,0.0364,1.9997,46.1,True
70,0.1,7.0,55,5.47,642.22,0.0437,1.6286,106.2,True
71,0.1,7.0,80,8.52,638.63,0.0545,1.2372,228.6,True
72,0.15,0.75,15,2.64,158.41,0.0948,4.6016,0.0,True
73,0.15,0.75,35,3.81,158.41,0.0948,4.5996,0.0,True
74,0.15,0.75,55,5.47,158.41,0.0949,4.5967,0.0,True
75,0.15,0.75,80,8.52,158.41,0.095,4.5915,0.0,True
76,0.15,1.0,15,2.64,177.88,0.0844,4.2806,0.0,True
77,0.15,1.0,35,3.81,177.88,0.0845,4.2782,0.0,True
78,0.15,1.0,55,5.47,177.88,0.0845,4.2749,0.0,True
79,0.15,1.0,80,8.52,177.88,0.0847,4.2688,0.0,True
80,0.15,2.0,15,2.64,255.76,0.0588,3.7061,0.2,True
81,0.15,2.0,35,3.81,255.76,0.0589,3.7019,0.2,True
82,0.15,2.0,55,5.47,255.76,0.059,3.6959,0.2,True
83,0.15,2.0,80,8.52,255.76,0.0591,3.6849,0.2,True
84,0.15,3.0,15,2.64,333.64,0.0452,3.4774,0.5,True
85,0.15,3.0,35,3.81,333.64,0.0453,3.4704,0.5,True
86,0.15,3.0,55,5.47,333.64,0.0454,3.4605,0.5,True
87,0.15,3.0,80,8.52,333.44,0.0545,2.8568,4.3,True
88,0.15,5.0,15,2.64,489.39,0.031,3.2644,1.1,True
89,0.15,5.0,35,3.81,489.23,0.0364,2.7599,5.8,True
90,0.15,5.0,55,5.47,488.84,0.0437,2.2796,22.8,True
91,0.15,5.0,80,8.52,487.67,0.0545,1.7852,75.6,True
92,0.15,7.0,15,2.64,644.82,0.0303,2.4413,14.7,True
93,0.15,7.0,35,3.81,644.12,0.0364,2.0061,45.4,True
94,0.15,7.0,55,5.47,642.72,0.0437,1.6366,104.4,True
95,0.15,7.0,80,8.52,639.38,0.0545,1.2468,224.6,True
96,0.2,0.75,15,2.64,158.41,0.1263,3.3904,0.7,True
97,0.2,0.75,35,3.81,158.41,0.1264,3.3895,0.7,True
98,0.2,0.75,55,5.47,158.41,0.1264,3.3883,0.7,True
99,0.2,0.75,80,8.52,158.41,0.1265,3.386,0.7,True
100,0.2,1.0,15,2.64,177.88,0.1126,3.1559,1.6,True
101,0.2,1.0,35,3.81,177.88,0.1126,3.1548,1.6,True
102,0.2,1.0,55,5.47,177.88,0.1126,3.1533,1.6,True
103,0.2,1.0,80,8.52,177.88,0.1127,3.1506,1.6,True
104,0.2,2.0,15,2.64,255.73,0.0785,2.7382,6.2,True
105,0.2,2.0,35,3.81,255.73,0.0785,2.7361,6.2,True
106,0.2,2.0,55,5.47,255.73,0.0786,2.7332,6.3,True
107,0.2,2.0,80,8.52,255.73,0.0787,2.7279,6.4,True
108,0.2,3.0,15,2.64,333.58,0.0603,2.5722,10.1,True
109,0.2,3.0,35,3.81,333.58,0.0604,2.5686,10.2,True
110,0.2,3.0,55,5.47,333.58,0.0605,2.5634,10.4,True
111,0.2,3.0,80,8.52,333.56,0.0607,2.5538,10.7,True
112,0.2,5.0,15,2.64,489.27,0.0414,2.4176,15.7,True
113,0.2,5.0,35,3.81,489.25,0.0416,2.4082,16.1,True
114,0.2,5.0,55,5.47,489.13,0.0437,2.2856,22.4,True
115,0.2,5.0,80,8.52,488.11,0.0545,1.7925,74.4,True
116,0.2,7.0,15,2.64,644.93,0.0318,2.3301,19.9,True
117,0.2,7.0,35,3.81,644.46,0.0364,2.0125,44.7,True
118,0.2,7.0,55,5.47,643.22,0.0437,1.6446,102.6,True
119,0.2,7.0,80,8.52,640.12,0.0545,1.2564,220.7,True
120,0.25,0.75,15,2.64,158.39,0.1581,2.6447,8.2,True
121,0.25,0.75,35,3.81,158.39,0.1581,2.6443,8.2,True
122,0.25,0.75,55,5.47,158.39,0.1582,2.6436,8.2,True
123,0.25,0.75,80,8.52,158.39,0.1582,2.6423,8.3,True
124,0.25,1.0,15,2.64,177.83,0.141,2.4604,13.9,True
125,0.25,1.0,35,3.81,177.83,0.1411,2.4598,14.0,True
126,0.25,1.0,55,5.47,177.83,0.1411,2.459,14.0,True
127,0.25,1.0,80,8.52,177.83,0.1412,2.4574,14.0,True
128,0.25,2.0,15,2.64,255.57,0.0989,2.1296,33.5,True
129,0.25,2.0,35,3.81,255.56,0.0989,2.1283,33.6,True
130,0.25,2.0,55,5.47,255.56,0.099,2.1265,33.7,True
131,0.25,2.0,80,8.52,255.55,0.0991,2.1232,34.0,True
132,0.25,3.0,15,2.64,333.31,0.0763,1.9965,46.4,True
133,0.25,3.0,35,3.81,333.3,0.0764,1.9942,46.7,True
134,0.25,3.0,55,5.47,333.29,0.0765,1.9908,47.1,True
135,0.25,3.0,80,8.52,333.27,0.0767,1.9846,47.8,True
136,0.25,5.0,15,2.64,488.83,0.0527,1.872,62.2,True
137,0.25,5.0,35,3.81,488.79,0.0528,1.8655,63.1,True
138,0.25,5.0,55,5.47,488.75,0.053,1.8565,64.4,True
139,0.25,5.0,80,8.52,488.55,0.0545,1.7999,73.2,True
140,0.25,7.0,15,2.64,644.35,0.0405,1.8024,72.8,True
141,0.25,7.0,35,3.81,644.27,0.0407,1.7891,75.0,True
142,0.25,7.0,55,5.47,643.73,0.0437,1.6526,100.9,True
143,0.25,7.0,80,8.52,640.87,0.0545,1.2659,216.9,True
